[DATA]
fromLanguageName=Taiwanese Mandarin Regional Differences (Editor Guide)
icon=fc28a1488ca79d6561e70133420c732ab54487b3
set=NULL|1

[HEADER]
> Taiwanese Mandarin Regional Differences (Editor Guide)

[LINE]
Speaker507: 第一：我們不用兒化。用“這裡”，不要用“這兒”。
$7208/acf8e41a.mp3;2,50;2,587;3,150;3,275;3,363;2,475;2,537;3,225;2,575;3,113;2,325;3,187;2,288

[LINE]
Speaker507: 第二，我們平時說“早安”，不說“早上好”。
$7208/eed2c3c3.mp3;2,50;2,612;3,188;3,275;2,425;3,187;2,625;2,188;2,175;3,200;2,387;2,325


[LINE]
Speaker507: 第三：“和”這個字，當用作連詞時，發音為“hàn”。在生成音頻的詩，可以用“漢”。
$7208/5e0f3755.mp3;1,50;2,225;2,487;2,175;2,250;2,175;2,138;2,375;2,150;3,212;3,363;2,500;2,450;3,100;2,437;4,213;2,350;2,525;3,225;3,500;2,475;2,112;2,425;3,150;2,350;2,225;2,325
