[DATA]
fromLanguageName=Taiwanese Mandarin Regional Differences (Editor Guide)
icon=fc28a1488ca79d6561e70133420c732ab54487b3
set=0|1

[HEADER]
> Taiwanese Mandarin Regional Differences (Editor Guide)

[LINE]
Speaker507: 第一：我們不用兒化。用“這裡”，不要用“這兒”。
$7209/25fac854.mp3;2,50;2,525;3,138;3,337;3,263;2,637;2,788;2,250;3,100;2,500;3,112;2,375;2,200;3,88;2,425

[LINE]
Speaker508: 第二，我們平時說“早安”，不說“早上好”。
$7209/e7dee3e6.mp3;2,50;2,550;3,150;3,463;2,337;3,375;2,600;2,88;2,137;3,350;2,350;2,313

[LINE]
Speaker507: 第三：“和”這個字，當用作連詞時，發音為“hàn”。在生成音頻的詩，可以用“漢”。
$7209/b1528874.mp3;2,50;2,600;2,188;2,225;3,75;2,287;2,375;3,163;2,412;2,175;2,188;2,187;2,450;3,200;2,325;2,250;2,75;2,400;2,763;3,200;2,387;3,175;2,325;2,413;3,237;2,275;2,225;2,75;2,400

[LINE]
Speaker508: 第四：露西是我的外婆。我就叫她“外婆”。
$7209/b005eb43.mp3;1,50;2,175;2,625;3,225;2,413;2,125;2,150;3,100;2,525;2,562;2,175;2,175;2,188;3,287;2,638

[LINE]
Speaker507: 第五：當說錢的時，我們用“塊”，來指代TWD。
$7208/3bc260d1.mp3;1,50;2,225;2,487;2,175;2,250;2,213;2,250;2,100;2,475;3,125;2,262;2,213;2,412;2,163;3,212;2,363;3,262;2,538

[LINE]
Speaker508: 第六：有的詞彙不跟大陸一樣。比如，我們說“計程車”，不用“出租車”。
$7209/c0d0637a.mp3;2,50;2,650;3,188;3,312;2,425;2,100;3,150;3,338;2,337;3,563;2,662;3,188;2,287;3,313;2,312;2,438;3,100;3,362;2,350;2,288

[LINE]
Speaker593: 還有，我們也用：“太太”，“夫人”。我叫我的太太：“老婆”。他叫我：“老公”。
$7209/1bbec466.mp3;2,50;2,563;3,300;2,212;2,138;2,362;3,225;2,550;3,138;2,500;2,900;2,175;3,137;3,238;2,562;3,263;2,562;2,875;2,200;2,163;2,325;3,275;2,475